CUTOFF: 5 - ROC_AUC: 0.5405720, PRECISION: 0.4215497, PRECISION_RECALL_MIN_DEN: 0.4259118, RECALL: 0.1040141, MAP: 0.3435590, MRR: 0.6412925, NDCG: 0.1656406, F1: 0.1668574, HIT_RATE: 2.1077486, ARHR: 1.0449230, RMSE: 0.7843716, NOVELTY: 0.0126161, AVERAGE_POPULARITY: 0.5037909, DIVERSITY_MEAN_INTER_LIST: 0.9677222, DIVERSITY_HERFINDAHL: 0.9935122, COVERAGE_ITEM: 0.2010254, COVERAGE_USER: 0.9956954, DIVERSITY_GINI: 0.2785310, SHANNON_ENTROPY: 8.0517422, 
CUTOFF: 10 - ROC_AUC: 0.5716174, PRECISION: 0.3636515, PRECISION_RECALL_MIN_DEN: 0.3909252, RECALL: 0.1690600, MAP: 0.2776063, MRR: 0.6520776, NDCG: 0.2212548, F1: 0.2308151, HIT_RATE: 3.6365148, ARHR: 1.2443717, RMSE: 0.7843716, NOVELTY: 0.0255947, AVERAGE_POPULARITY: 0.4648603, DIVERSITY_MEAN_INTER_LIST: 0.9527197, DIVERSITY_HERFINDAHL: 0.9952561, COVERAGE_ITEM: 0.2555316, COVERAGE_USER: 0.9956954, DIVERSITY_GINI: 0.2837948, SHANNON_ENTROPY: 8.4465539, 
CUTOFF: 20 - ROC_AUC: 0.6120228, PRECISION: 0.2998836, PRECISION_RECALL_MIN_DEN: 0.3874863, RECALL: 0.2583334, MAP: 0.2326236, MRR: 0.6554928, NDCG: 0.2835002, F1: 0.2775621, HIT_RATE: 5.9976721, ARHR: 1.4045655, RMSE: 0.7843716, NOVELTY: 0.0520590, AVERAGE_POPULARITY: 0.4218896, DIVERSITY_MEAN_INTER_LIST: 0.9326002, DIVERSITY_HERFINDAHL: 0.9966223, COVERAGE_ITEM: 0.3181328, COVERAGE_USER: 0.9956954, DIVERSITY_GINI: 0.2975347, SHANNON_ENTROPY: 8.8529744, 
CUTOFF: 50 - ROC_AUC: 0.6599004, PRECISION: 0.2153242, PRECISION_RECALL_MIN_DEN: 0.4590068, RECALL: 0.4173284, MAP: 0.2094909, MRR: 0.6562943, NDCG: 0.3744958, F1: 0.2840767, HIT_RATE: 10.7662122, ARHR: 1.5534947, RMSE: 0.7843716, NOVELTY: 0.1336610, AVERAGE_POPULARITY: 0.3617276, DIVERSITY_MEAN_INTER_LIST: 0.8935656, DIVERSITY_HERFINDAHL: 0.9978683, COVERAGE_ITEM: 0.4317323, COVERAGE_USER: 0.9956954, DIVERSITY_GINI: 0.3185228, SHANNON_ENTROPY: 9.4121630, 
