CUTOFF: 5 - ROC_AUC: 0.3261972, PRECISION: 0.2021616, PRECISION_RECALL_MIN_DEN: 0.2034725, RECALL: 0.0387849, MAP: 0.1437933, MRR: 0.3593449, NDCG: 0.0667266, F1: 0.0650835, HIT_RATE: 1.0108081, ARHR: 0.5024194, RMSE: 0.8732196, NOVELTY: 0.0114980, AVERAGE_POPULARITY: 0.8128431, DIVERSITY_MEAN_INTER_LIST: 0.5372761, DIVERSITY_HERFINDAHL: 0.9074373, COVERAGE_ITEM: 0.0132218, COVERAGE_USER: 0.9956954, DIVERSITY_GINI: 0.2277020, SHANNON_ENTROPY: 3.7796738, 
CUTOFF: 10 - ROC_AUC: 0.3903440, PRECISION: 0.1829897, PRECISION_RECALL_MIN_DEN: 0.1925221, RECALL: 0.0677113, MAP: 0.1129577, MRR: 0.3772421, NDCG: 0.0927228, F1: 0.0988466, HIT_RATE: 1.8298969, ARHR: 0.6089362, RMSE: 0.8732196, NOVELTY: 0.0232558, AVERAGE_POPULARITY: 0.7613775, DIVERSITY_MEAN_INTER_LIST: 0.4951116, DIVERSITY_HERFINDAHL: 0.9495029, COVERAGE_ITEM: 0.0207771, COVERAGE_USER: 0.9956954, DIVERSITY_GINI: 0.2512373, SHANNON_ENTROPY: 4.6027591, 
CUTOFF: 20 - ROC_AUC: 0.4714842, PRECISION: 0.1539242, PRECISION_RECALL_MIN_DEN: 0.1897372, RECALL: 0.1139475, MAP: 0.0879823, MRR: 0.3858433, NDCG: 0.1247122, F1: 0.1309528, HIT_RATE: 3.0784835, ARHR: 0.6939887, RMSE: 0.8732196, NOVELTY: 0.0471713, AVERAGE_POPULARITY: 0.7039941, DIVERSITY_MEAN_INTER_LIST: 0.4554237, DIVERSITY_HERFINDAHL: 0.9727674, COVERAGE_ITEM: 0.0326498, COVERAGE_USER: 0.9956954, DIVERSITY_GINI: 0.2892198, SHANNON_ENTROPY: 5.4581751, 
CUTOFF: 50 - ROC_AUC: 0.5581797, PRECISION: 0.1121184, PRECISION_RECALL_MIN_DEN: 0.2248729, RECALL: 0.1989901, MAP: 0.0709951, MRR: 0.3889588, NDCG: 0.1723843, F1: 0.1434255, HIT_RATE: 5.6059195, ARHR: 0.7723247, RMSE: 0.8732196, NOVELTY: 0.1223636, AVERAGE_POPULARITY: 0.5709034, DIVERSITY_MEAN_INTER_LIST: 0.4005235, DIVERSITY_HERFINDAHL: 0.9880091, COVERAGE_ITEM: 0.0634107, COVERAGE_USER: 0.9956954, DIVERSITY_GINI: 0.3272999, SHANNON_ENTROPY: 6.5949302, 
