CUTOFF: 5 - ROC_AUC: 0.2317371, PRECISION: 0.1219155, PRECISION_RECALL_MIN_DEN: 0.1228107, RECALL: 0.0234489, MAP: 0.0830455, MRR: 0.2448980, NDCG: 0.0408306, F1: 0.0393326, HIT_RATE: 0.6095777, ARHR: 0.3160320, RMSE: 0.9917035, NOVELTY: 0.0122924, AVERAGE_POPULARITY: 0.5793887, DIVERSITY_MEAN_INTER_LIST: 0.8666666, DIVERSITY_HERFINDAHL: 0.9733045, COVERAGE_ITEM: 0.0474906, COVERAGE_USER: 0.9956954, DIVERSITY_GINI: 0.2192038, SHANNON_ENTROPY: 5.6668145, 
CUTOFF: 10 - ROC_AUC: 0.2950315, PRECISION: 0.1015298, PRECISION_RECALL_MIN_DEN: 0.1067399, RECALL: 0.0376979, MAP: 0.0585147, MRR: 0.2590719, NDCG: 0.0536513, F1: 0.0549813, HIT_RATE: 1.0152976, ARHR: 0.3689859, RMSE: 0.9917035, NOVELTY: 0.0251404, AVERAGE_POPULARITY: 0.5130999, DIVERSITY_MEAN_INTER_LIST: 0.8532468, DIVERSITY_HERFINDAHL: 0.9853105, COVERAGE_ITEM: 0.0755532, COVERAGE_USER: 0.9956954, DIVERSITY_GINI: 0.2425083, SHANNON_ENTROPY: 6.5052537, 
CUTOFF: 20 - ROC_AUC: 0.3662630, PRECISION: 0.0813851, PRECISION_RECALL_MIN_DEN: 0.0993489, RECALL: 0.0581590, MAP: 0.0426376, MRR: 0.2664975, NDCG: 0.0682685, F1: 0.0678391, HIT_RATE: 1.6277020, ARHR: 0.4106588, RMSE: 0.9917035, NOVELTY: 0.0516757, AVERAGE_POPULARITY: 0.4411791, DIVERSITY_MEAN_INTER_LIST: 0.8444298, DIVERSITY_HERFINDAHL: 0.9922145, COVERAGE_ITEM: 0.1184566, COVERAGE_USER: 0.9956954, DIVERSITY_GINI: 0.2816899, SHANNON_ENTROPY: 7.3779593, 
CUTOFF: 50 - ROC_AUC: 0.4490006, PRECISION: 0.0583671, PRECISION_RECALL_MIN_DEN: 0.1131341, RECALL: 0.0987585, MAP: 0.0325629, MRR: 0.2704980, NDCG: 0.0914856, F1: 0.0733712, HIT_RATE: 2.9183572, ARHR: 0.4504752, RMSE: 0.9917035, NOVELTY: 0.1345850, AVERAGE_POPULARITY: 0.3473829, DIVERSITY_MEAN_INTER_LIST: 0.8273782, DIVERSITY_HERFINDAHL: 0.9965448, COVERAGE_ITEM: 0.2128980, COVERAGE_USER: 0.9956954, DIVERSITY_GINI: 0.3397553, SHANNON_ENTROPY: 8.4762763, 
