CUTOFF: 5 - ROC_AUC: 0.3413009, PRECISION: 0.2410376, PRECISION_RECALL_MIN_DEN: 0.2421184, RECALL: 0.0440524, MAP: 0.1756870, MRR: 0.3961784, NDCG: 0.0766604, F1: 0.0744908, HIT_RATE: 1.2051879, ARHR: 0.5861712, RMSE: 0.8691848, NOVELTY: 0.0127077, AVERAGE_POPULARITY: 0.5329080, DIVERSITY_MEAN_INTER_LIST: 0.9457225, DIVERSITY_HERFINDAHL: 0.9891131, COVERAGE_ITEM: 0.3108473, COVERAGE_USER: 0.9956954, DIVERSITY_GINI: 0.1586979, SHANNON_ENTROPY: 7.6250994, 
CUTOFF: 10 - ROC_AUC: 0.4110995, PRECISION: 0.2097107, PRECISION_RECALL_MIN_DEN: 0.2181257, RECALL: 0.0737913, MAP: 0.1360746, MRR: 0.4107409, NDCG: 0.1043733, F1: 0.1091690, HIT_RATE: 2.0971068, ARHR: 0.7025079, RMSE: 0.8691848, NOVELTY: 0.0258772, AVERAGE_POPULARITY: 0.4885766, DIVERSITY_MEAN_INTER_LIST: 0.9281622, DIVERSITY_HERFINDAHL: 0.9928008, COVERAGE_ITEM: 0.4543983, COVERAGE_USER: 0.9956954, DIVERSITY_GINI: 0.1570235, SHANNON_ENTROPY: 8.1896040, 
CUTOFF: 20 - ROC_AUC: 0.4694857, PRECISION: 0.1771533, PRECISION_RECALL_MIN_DEN: 0.2089171, RECALL: 0.1193196, MAP: 0.1072703, MRR: 0.4164588, NDCG: 0.1380769, F1: 0.1425956, HIT_RATE: 3.5430662, ARHR: 0.8005609, RMSE: 0.8691848, NOVELTY: 0.0529541, AVERAGE_POPULARITY: 0.4362226, DIVERSITY_MEAN_INTER_LIST: 0.9082786, DIVERSITY_HERFINDAHL: 0.9954064, COVERAGE_ITEM: 0.6160281, COVERAGE_USER: 0.9956954, DIVERSITY_GINI: 0.1669445, SHANNON_ENTROPY: 8.7807026, 
CUTOFF: 50 - ROC_AUC: 0.5419759, PRECISION: 0.1304889, PRECISION_RECALL_MIN_DEN: 0.2337437, RECALL: 0.2029976, MAP: 0.0867784, MRR: 0.4190061, NDCG: 0.1890069, F1: 0.1588606, HIT_RATE: 6.5244430, ARHR: 0.8931806, RMSE: 0.8691848, NOVELTY: 0.1378662, AVERAGE_POPULARITY: 0.3543449, DIVERSITY_MEAN_INTER_LIST: 0.8841546, DIVERSITY_HERFINDAHL: 0.9976802, COVERAGE_ITEM: 0.8424177, COVERAGE_USER: 0.9956954, DIVERSITY_GINI: 0.2020856, SHANNON_ENTROPY: 9.6126218, 
