CUTOFF: 5 - ROC_AUC: 0.4758065, PRECISION: 0.3521783, PRECISION_RECALL_MIN_DEN: 0.3559999, RECALL: 0.0886859, MAP: 0.2693904, MRR: 0.5677696, NDCG: 0.1390188, F1: 0.1416911, HIT_RATE: 1.7608913, ARHR: 0.8731792, RMSE: 0.6262295, NOVELTY: 0.0135169, AVERAGE_POPULARITY: 0.3458977, DIVERSITY_MEAN_INTER_LIST: 0.9873959, DIVERSITY_HERFINDAHL: 0.9974463, COVERAGE_ITEM: 0.3213708, COVERAGE_USER: 0.9956954, DIVERSITY_GINI: 0.3890405, SHANNON_ENTROPY: 9.2417359, 
CUTOFF: 10 - ROC_AUC: 0.5276425, PRECISION: 0.3088294, PRECISION_RECALL_MIN_DEN: 0.3341347, RECALL: 0.1488894, MAP: 0.2153965, MRR: 0.5823980, NDCG: 0.1892355, F1: 0.2009156, HIT_RATE: 3.0882940, ARHR: 1.0463915, RMSE: 0.6262295, NOVELTY: 0.0273730, AVERAGE_POPULARITY: 0.3211171, DIVERSITY_MEAN_INTER_LIST: 0.9806993, DIVERSITY_HERFINDAHL: 0.9980536, COVERAGE_ITEM: 0.3874798, COVERAGE_USER: 0.9956954, DIVERSITY_GINI: 0.3952186, SHANNON_ENTROPY: 9.5490656, 
CUTOFF: 20 - ROC_AUC: 0.5800711, PRECISION: 0.2574576, PRECISION_RECALL_MIN_DEN: 0.3396737, RECALL: 0.2330968, MAP: 0.1802200, MRR: 0.5864907, NDCG: 0.2464639, F1: 0.2446723, HIT_RATE: 5.1491520, ARHR: 1.1860427, RMSE: 0.6262295, NOVELTY: 0.0555079, AVERAGE_POPULARITY: 0.2956137, DIVERSITY_MEAN_INTER_LIST: 0.9696384, DIVERSITY_HERFINDAHL: 0.9984739, COVERAGE_ITEM: 0.4495413, COVERAGE_USER: 0.9956954, DIVERSITY_GINI: 0.4109235, SHANNON_ENTROPY: 9.8257880, 
CUTOFF: 50 - ROC_AUC: 0.6370652, PRECISION: 0.1870835, PRECISION_RECALL_MIN_DEN: 0.4186097, RECALL: 0.3851328, MAP: 0.1660668, MRR: 0.5875792, NDCG: 0.3313408, F1: 0.2518348, HIT_RATE: 9.3541736, ARHR: 1.3172291, RMSE: 0.6262295, NOVELTY: 0.1418650, AVERAGE_POPULARITY: 0.2594661, DIVERSITY_MEAN_INTER_LIST: 0.9437398, DIVERSITY_HERFINDAHL: 0.9988717, COVERAGE_ITEM: 0.5402051, COVERAGE_USER: 0.9956954, DIVERSITY_GINI: 0.4368718, SHANNON_ENTROPY: 10.1777016, 
