CUTOFF: 5 - ROC_AUC: 0.4763469, PRECISION: 0.3596608, PRECISION_RECALL_MIN_DEN: 0.3620580, RECALL: 0.0771043, MAP: 0.2858561, MRR: 0.5606834, NDCG: 0.1290751, F1: 0.1269854, HIT_RATE: 1.7983040, ARHR: 0.8906274, RMSE: 0.7384778, NOVELTY: 0.0126744, AVERAGE_POPULARITY: 0.4847737, DIVERSITY_MEAN_INTER_LIST: 0.9721322, DIVERSITY_HERFINDAHL: 0.9943941, COVERAGE_ITEM: 0.2077712, COVERAGE_USER: 0.9956954, DIVERSITY_GINI: 0.2753099, SHANNON_ENTROPY: 8.1268840, 
CUTOFF: 10 - ROC_AUC: 0.5229094, PRECISION: 0.3103758, PRECISION_RECALL_MIN_DEN: 0.3265762, RECALL: 0.1270183, MAP: 0.2254215, MRR: 0.5734637, NDCG: 0.1735366, F1: 0.1802649, HIT_RATE: 3.1037579, ARHR: 1.0609060, RMSE: 0.7384778, NOVELTY: 0.0257391, AVERAGE_POPULARITY: 0.4448325, DIVERSITY_MEAN_INTER_LIST: 0.9592831, DIVERSITY_HERFINDAHL: 0.9959124, COVERAGE_ITEM: 0.2741500, COVERAGE_USER: 0.9956954, DIVERSITY_GINI: 0.2765866, SHANNON_ENTROPY: 8.5451313, 
CUTOFF: 20 - ROC_AUC: 0.5722035, PRECISION: 0.2563020, PRECISION_RECALL_MIN_DEN: 0.3152300, RECALL: 0.1980049, MAP: 0.1825011, MRR: 0.5776552, NDCG: 0.2244519, F1: 0.2234130, HIT_RATE: 5.1260392, ARHR: 1.1983997, RMSE: 0.7384778, NOVELTY: 0.0524413, AVERAGE_POPULARITY: 0.4001156, DIVERSITY_MEAN_INTER_LIST: 0.9422586, DIVERSITY_HERFINDAHL: 0.9971051, COVERAGE_ITEM: 0.3607663, COVERAGE_USER: 0.9956954, DIVERSITY_GINI: 0.2838599, SHANNON_ENTROPY: 8.9895689, 
CUTOFF: 50 - ROC_AUC: 0.6248467, PRECISION: 0.1848487, PRECISION_RECALL_MIN_DEN: 0.3675128, RECALL: 0.3292898, MAP: 0.1569506, MRR: 0.5790594, NDCG: 0.3006821, F1: 0.2367797, HIT_RATE: 9.2424343, ARHR: 1.3262786, RMSE: 0.7384778, NOVELTY: 0.1349070, AVERAGE_POPULARITY: 0.3389328, DIVERSITY_MEAN_INTER_LIST: 0.9091724, DIVERSITY_HERFINDAHL: 0.9981804, COVERAGE_ITEM: 0.4927145, COVERAGE_USER: 0.9956954, DIVERSITY_GINI: 0.3094387, SHANNON_ENTROPY: 9.5737135, 
