CUTOFF: 5 - ROC_AUC: 0.5309971, PRECISION: 0.4061856, PRECISION_RECALL_MIN_DEN: 0.4110714, RECALL: 0.1030119, MAP: 0.3270354, MRR: 0.6330728, NDCG: 0.1624893, F1: 0.1643447, HIT_RATE: 2.0309278, ARHR: 1.0128755, RMSE: 3.3446409, NOVELTY: 0.0122432, AVERAGE_POPULARITY: 0.6041183, DIVERSITY_MEAN_INTER_LIST: 0.9183048, DIVERSITY_HERFINDAHL: 0.9836304, COVERAGE_ITEM: 0.1724231, COVERAGE_USER: 0.9956954, DIVERSITY_GINI: 0.1698061, SHANNON_ENTROPY: 6.9732262, 
CUTOFF: 10 - ROC_AUC: 0.5692413, PRECISION: 0.3494347, PRECISION_RECALL_MIN_DEN: 0.3779959, RECALL: 0.1669835, MAP: 0.2629025, MRR: 0.6439880, NDCG: 0.2165507, F1: 0.2259790, HIT_RATE: 3.4943465, ARHR: 1.2042899, RMSE: 3.3446409, NOVELTY: 0.0249413, AVERAGE_POPULARITY: 0.5459803, DIVERSITY_MEAN_INTER_LIST: 0.9012468, DIVERSITY_HERFINDAHL: 0.9901097, COVERAGE_ITEM: 0.2307070, COVERAGE_USER: 0.9956954, DIVERSITY_GINI: 0.1847696, SHANNON_ENTROPY: 7.5865229, 
CUTOFF: 20 - ROC_AUC: 0.6167788, PRECISION: 0.2837047, PRECISION_RECALL_MIN_DEN: 0.3719388, RECALL: 0.2510517, MAP: 0.2180227, MRR: 0.6472891, NDCG: 0.2747816, F1: 0.2663813, HIT_RATE: 5.6740938, ARHR: 1.3526128, RMSE: 3.3446409, NOVELTY: 0.0509746, AVERAGE_POPULARITY: 0.4838174, DIVERSITY_MEAN_INTER_LIST: 0.8792906, DIVERSITY_HERFINDAHL: 0.9939572, COVERAGE_ITEM: 0.3092283, COVERAGE_USER: 0.9956954, DIVERSITY_GINI: 0.2012873, SHANNON_ENTROPY: 8.1908354, 
CUTOFF: 50 - ROC_AUC: 0.6649229, PRECISION: 0.2004490, PRECISION_RECALL_MIN_DEN: 0.4408870, RECALL: 0.4022314, MAP: 0.1945983, MRR: 0.6483496, NDCG: 0.3595678, F1: 0.2675609, HIT_RATE: 10.0224476, ARHR: 1.4885013, RMSE: 3.3446409, NOVELTY: 0.1314276, AVERAGE_POPULARITY: 0.4051201, DIVERSITY_MEAN_INTER_LIST: 0.8354715, DIVERSITY_HERFINDAHL: 0.9967067, COVERAGE_ITEM: 0.4433351, COVERAGE_USER: 0.9956954, DIVERSITY_GINI: 0.2232705, SHANNON_ENTROPY: 8.9181462, 
