CUTOFF: 5 - ROC_AUC: 0.0237086, PRECISION: 0.0094779, PRECISION_RECALL_MIN_DEN: 0.0094779, RECALL: 0.0013244, MAP: 0.0047334, MRR: 0.0219432, NDCG: 0.0024786, F1: 0.0023240, HIT_RATE: 0.0473894, ARHR: 0.0227774, RMSE: 0.5719536, NOVELTY: 0.0181290, AVERAGE_POPULARITY: 0.0730326, DIVERSITY_MEAN_INTER_LIST: 0.9986505, DIVERSITY_HERFINDAHL: 0.9996969, COVERAGE_ITEM: 0.9994603, COVERAGE_USER: 0.9956954, DIVERSITY_GINI: 0.8037485, SHANNON_ENTROPY: 11.7643164, 
CUTOFF: 10 - ROC_AUC: 0.0438070, PRECISION: 0.0094114, PRECISION_RECALL_MIN_DEN: 0.0096529, RECALL: 0.0027443, MAP: 0.0031422, MRR: 0.0272593, NDCG: 0.0038105, F1: 0.0042495, HIT_RATE: 0.0941137, ARHR: 0.0289185, RMSE: 0.5719536, NOVELTY: 0.0362073, AVERAGE_POPULARITY: 0.0736922, DIVERSITY_MEAN_INTER_LIST: 0.9972964, DIVERSITY_HERFINDAHL: 0.9997131, COVERAGE_ITEM: 1.0000000, COVERAGE_USER: 0.9956954, DIVERSITY_GINI: 0.8580220, SHANNON_ENTROPY: 11.8089787, 
CUTOFF: 20 - ROC_AUC: 0.0792483, PRECISION: 0.0100017, PRECISION_RECALL_MIN_DEN: 0.0113997, RECALL: 0.0055755, MAP: 0.0022807, MRR: 0.0324117, NDCG: 0.0059504, F1: 0.0071597, HIT_RATE: 0.2000333, ARHR: 0.0360175, RMSE: 0.5719536, NOVELTY: 0.0723722, AVERAGE_POPULARITY: 0.0737742, DIVERSITY_MEAN_INTER_LIST: 0.9945896, DIVERSITY_HERFINDAHL: 0.9997212, COVERAGE_ITEM: 1.0000000, COVERAGE_USER: 0.9956954, DIVERSITY_GINI: 0.8973998, SHANNON_ENTROPY: 11.8314495, 
CUTOFF: 50 - ROC_AUC: 0.1553913, PRECISION: 0.0099900, PRECISION_RECALL_MIN_DEN: 0.0167393, RECALL: 0.0137364, MAP: 0.0017972, MRR: 0.0370544, NDCG: 0.0108243, F1: 0.0115674, HIT_RATE: 0.4995012, ARHR: 0.0450040, RMSE: 0.5719536, NOVELTY: 0.1808460, AVERAGE_POPULARITY: 0.0741907, DIVERSITY_MEAN_INTER_LIST: 0.9864732, DIVERSITY_HERFINDAHL: 0.9997262, COVERAGE_ITEM: 1.0000000, COVERAGE_USER: 0.9956954, DIVERSITY_GINI: 0.9316897, SHANNON_ENTROPY: 11.8448791, 
