CUTOFF: 5 - ROC_AUC: 0.3430052, PRECISION: 0.2125042, PRECISION_RECALL_MIN_DEN: 0.2141780, RECALL: 0.0443860, MAP: 0.1512009, MRR: 0.3805980, NDCG: 0.0740844, F1: 0.0734338, HIT_RATE: 1.0625208, ARHR: 0.5307172, RMSE: 9.4377502, NOVELTY: 0.0115957, AVERAGE_POPULARITY: 0.7922864, DIVERSITY_MEAN_INTER_LIST: 0.6514740, DIVERSITY_HERFINDAHL: 0.9302731, COVERAGE_ITEM: 0.1176471, COVERAGE_USER: 0.9956954, DIVERSITY_GINI: 0.0497518, SHANNON_ENTROPY: 4.4266263, 
CUTOFF: 10 - ROC_AUC: 0.4153274, PRECISION: 0.1869804, PRECISION_RECALL_MIN_DEN: 0.1987678, RECALL: 0.0756790, MAP: 0.1158527, MRR: 0.3987410, NDCG: 0.1013450, F1: 0.1077478, HIT_RATE: 1.8698038, ARHR: 0.6363546, RMSE: 9.4377502, NOVELTY: 0.0234824, AVERAGE_POPULARITY: 0.7379598, DIVERSITY_MEAN_INTER_LIST: 0.6060183, DIVERSITY_HERFINDAHL: 0.9605917, COVERAGE_ITEM: 0.2010254, COVERAGE_USER: 0.9956954, DIVERSITY_GINI: 0.0467223, SHANNON_ENTROPY: 5.1529649, 
CUTOFF: 20 - ROC_AUC: 0.4911446, PRECISION: 0.1546641, PRECISION_RECALL_MIN_DEN: 0.1945238, RECALL: 0.1216856, MAP: 0.0896333, MRR: 0.4065352, NDCG: 0.1332162, F1: 0.1362071, HIT_RATE: 3.0932823, ARHR: 0.7194472, RMSE: 9.4377502, NOVELTY: 0.0477397, AVERAGE_POPULARITY: 0.6744068, DIVERSITY_MEAN_INTER_LIST: 0.5383212, DIVERSITY_HERFINDAHL: 0.9769116, COVERAGE_ITEM: 0.3399892, COVERAGE_USER: 0.9956954, DIVERSITY_GINI: 0.0452383, SHANNON_ENTROPY: 5.8871375, 
CUTOFF: 50 - ROC_AUC: 0.5706982, PRECISION: 0.1119554, PRECISION_RECALL_MIN_DEN: 0.2371022, RECALL: 0.2132295, MAP: 0.0738905, MRR: 0.4097258, NDCG: 0.1831234, F1: 0.1468223, HIT_RATE: 5.5977719, ARHR: 0.7969483, RMSE: 9.4377502, NOVELTY: 0.1237076, AVERAGE_POPULARITY: 0.5509676, DIVERSITY_MEAN_INTER_LIST: 0.4722805, DIVERSITY_HERFINDAHL: 0.9894440, COVERAGE_ITEM: 0.6270912, COVERAGE_USER: 0.9956954, DIVERSITY_GINI: 0.0497940, SHANNON_ENTROPY: 6.9825693, 
