CUTOFF: 5 - ROC_AUC: 0.5166833, PRECISION: 0.4026937, PRECISION_RECALL_MIN_DEN: 0.4068202, RECALL: 0.0991916, MAP: 0.3206656, MRR: 0.6170159, NDCG: 0.1570317, F1: 0.1591752, HIT_RATE: 2.0134686, ARHR: 0.9905692, RMSE: 0.6014565, NOVELTY: 0.0126795, AVERAGE_POPULARITY: 0.4916309, DIVERSITY_MEAN_INTER_LIST: 0.9689410, DIVERSITY_HERFINDAHL: 0.9937560, COVERAGE_ITEM: 0.2193740, COVERAGE_USER: 0.9956954, DIVERSITY_GINI: 0.2759345, SHANNON_ENTROPY: 8.1528332, 
CUTOFF: 10 - ROC_AUC: 0.5589154, PRECISION: 0.3486698, PRECISION_RECALL_MIN_DEN: 0.3749223, RECALL: 0.1621264, MAP: 0.2590951, MRR: 0.6281864, NDCG: 0.2106676, F1: 0.2213352, HIT_RATE: 3.4866977, ARHR: 1.1828167, RMSE: 0.6014565, NOVELTY: 0.0256510, AVERAGE_POPULARITY: 0.4610838, DIVERSITY_MEAN_INTER_LIST: 0.9523528, DIVERSITY_HERFINDAHL: 0.9952194, COVERAGE_ITEM: 0.2676740, COVERAGE_USER: 0.9956954, DIVERSITY_GINI: 0.2794344, SHANNON_ENTROPY: 8.4782301, 
CUTOFF: 20 - ROC_AUC: 0.6007568, PRECISION: 0.2901147, PRECISION_RECALL_MIN_DEN: 0.3753909, RECALL: 0.2504543, MAP: 0.2179304, MRR: 0.6318927, NDCG: 0.2719595, F1: 0.2688296, HIT_RATE: 5.8022946, ARHR: 1.3399629, RMSE: 0.6014565, NOVELTY: 0.0520504, AVERAGE_POPULARITY: 0.4246856, DIVERSITY_MEAN_INTER_LIST: 0.9293610, DIVERSITY_HERFINDAHL: 0.9964603, COVERAGE_ITEM: 0.3316244, COVERAGE_USER: 0.9956954, DIVERSITY_GINI: 0.2855995, SHANNON_ENTROPY: 8.8406624, 
CUTOFF: 50 - ROC_AUC: 0.6485497, PRECISION: 0.2123213, PRECISION_RECALL_MIN_DEN: 0.4543490, RECALL: 0.4133259, MAP: 0.1987446, MRR: 0.6328124, NDCG: 0.3644469, F1: 0.2805347, HIT_RATE: 10.6160625, ARHR: 1.4896702, RMSE: 0.6014565, NOVELTY: 0.1335094, AVERAGE_POPULARITY: 0.3665044, DIVERSITY_MEAN_INTER_LIST: 0.8879331, DIVERSITY_HERFINDAHL: 0.9977557, COVERAGE_ITEM: 0.4433351, COVERAGE_USER: 0.9956954, DIVERSITY_GINI: 0.3057134, SHANNON_ENTROPY: 9.3831831, 
