CUTOFF: 5 - ROC_AUC: 0.5269094, PRECISION: 0.4027270, PRECISION_RECALL_MIN_DEN: 0.4062964, RECALL: 0.0927135, MAP: 0.3298087, MRR: 0.6135822, NDCG: 0.1510519, F1: 0.1507274, HIT_RATE: 2.0136349, ARHR: 0.9990300, RMSE: 0.7986286, NOVELTY: 0.0123171, AVERAGE_POPULARITY: 0.5686965, DIVERSITY_MEAN_INTER_LIST: 0.9469306, DIVERSITY_HERFINDAHL: 0.9893546, COVERAGE_ITEM: 0.1200756, COVERAGE_USER: 0.9956954, DIVERSITY_GINI: 0.2585440, SHANNON_ENTROPY: 7.2318349, 
CUTOFF: 10 - ROC_AUC: 0.5625690, PRECISION: 0.3451114, PRECISION_RECALL_MIN_DEN: 0.3667527, RECALL: 0.1484917, MAP: 0.2641138, MRR: 0.6239585, NDCG: 0.2003902, F1: 0.2076413, HIT_RATE: 3.4511141, ARHR: 1.1866160, RMSE: 0.7986286, NOVELTY: 0.0250016, AVERAGE_POPULARITY: 0.5236554, DIVERSITY_MEAN_INTER_LIST: 0.9263989, DIVERSITY_HERFINDAHL: 0.9926245, COVERAGE_ITEM: 0.1659471, COVERAGE_USER: 0.9956954, DIVERSITY_GINI: 0.2592496, SHANNON_ENTROPY: 7.7186264, 
CUTOFF: 20 - ROC_AUC: 0.6006902, PRECISION: 0.2841869, PRECISION_RECALL_MIN_DEN: 0.3578565, RECALL: 0.2300228, MAP: 0.2170096, MRR: 0.6279597, NDCG: 0.2577866, F1: 0.2542522, HIT_RATE: 5.6837379, ARHR: 1.3382297, RMSE: 0.7986286, NOVELTY: 0.0509468, AVERAGE_POPULARITY: 0.4716467, DIVERSITY_MEAN_INTER_LIST: 0.9016109, DIVERSITY_HERFINDAHL: 0.9950730, COVERAGE_ITEM: 0.2166757, COVERAGE_USER: 0.9956954, DIVERSITY_GINI: 0.2853793, SHANNON_ENTROPY: 8.2532942, 
CUTOFF: 50 - ROC_AUC: 0.6460067, PRECISION: 0.2051513, PRECISION_RECALL_MIN_DEN: 0.4231637, RECALL: 0.3811952, MAP: 0.1900540, MRR: 0.6292041, NDCG: 0.3440988, F1: 0.2667457, HIT_RATE: 10.2575657, ARHR: 1.4806084, RMSE: 0.7986286, NOVELTY: 0.1312981, AVERAGE_POPULARITY: 0.3962095, DIVERSITY_MEAN_INTER_LIST: 0.8606747, DIVERSITY_HERFINDAHL: 0.9972106, COVERAGE_ITEM: 0.3213708, COVERAGE_USER: 0.9956954, DIVERSITY_GINI: 0.3173950, SHANNON_ENTROPY: 8.9848285, 
