CUTOFF: 5 - ROC_AUC: 0.5590151, PRECISION: 0.4373129, PRECISION_RECALL_MIN_DEN: 0.4417332, RECALL: 0.1057133, MAP: 0.3628914, MRR: 0.6612709, NDCG: 0.1704951, F1: 0.1702672, HIT_RATE: 2.1865647, ARHR: 1.0880196, RMSE: 0.8167100, NOVELTY: 0.0124020, AVERAGE_POPULARITY: 0.5467384, DIVERSITY_MEAN_INTER_LIST: 0.9565754, DIVERSITY_HERFINDAHL: 0.9912833, COVERAGE_ITEM: 0.1457097, COVERAGE_USER: 0.9956954, DIVERSITY_GINI: 0.2578840, SHANNON_ENTROPY: 7.5114424, 
CUTOFF: 10 - ROC_AUC: 0.5846131, PRECISION: 0.3770369, PRECISION_RECALL_MIN_DEN: 0.4036178, RECALL: 0.1704986, MAP: 0.2952276, MRR: 0.6708424, NDCG: 0.2267915, F1: 0.2348131, HIT_RATE: 3.7703691, ARHR: 1.2948872, RMSE: 0.8167100, NOVELTY: 0.0251544, AVERAGE_POPULARITY: 0.5056985, DIVERSITY_MEAN_INTER_LIST: 0.9369690, DIVERSITY_HERFINDAHL: 0.9936813, COVERAGE_ITEM: 0.1899622, COVERAGE_USER: 0.9956954, DIVERSITY_GINI: 0.2639694, SHANNON_ENTROPY: 7.9407750, 
CUTOFF: 20 - ROC_AUC: 0.6196306, PRECISION: 0.3093947, PRECISION_RECALL_MIN_DEN: 0.3952551, RECALL: 0.2593389, MAP: 0.2463658, MRR: 0.6739891, NDCG: 0.2893000, F1: 0.2821641, HIT_RATE: 6.1878949, ARHR: 1.4591833, RMSE: 0.8167100, NOVELTY: 0.0512006, AVERAGE_POPULARITY: 0.4581921, DIVERSITY_MEAN_INTER_LIST: 0.9122153, DIVERSITY_HERFINDAHL: 0.9956032, COVERAGE_ITEM: 0.2460874, COVERAGE_USER: 0.9956954, DIVERSITY_GINI: 0.2822052, SHANNON_ENTROPY: 8.4214384, 
CUTOFF: 50 - ROC_AUC: 0.6669293, PRECISION: 0.2197173, PRECISION_RECALL_MIN_DEN: 0.4616357, RECALL: 0.4176770, MAP: 0.2180185, MRR: 0.6749301, NDCG: 0.3798550, F1: 0.2879564, HIT_RATE: 10.9858663, ARHR: 1.6091174, RMSE: 0.8167100, NOVELTY: 0.1316057, AVERAGE_POPULARITY: 0.3907542, DIVERSITY_MEAN_INTER_LIST: 0.8673048, DIVERSITY_HERFINDAHL: 0.9973432, COVERAGE_ITEM: 0.3567188, COVERAGE_USER: 0.9956954, DIVERSITY_GINI: 0.3024386, SHANNON_ENTROPY: 9.0689452, 
